image: robohouse.pgm
resolution: 0.050000
origin: [-4.37,-2.39, 0.000000]
negate: 0
occupied_thresh: 0.65
free_thresh: 0.196
